0.11,-0.19,0.21
-0.02,0.05,0.11
0.02,0.05,0.22
0.13,-0.18,0.18
0.11,-0.31,1.00
0.27,-0.28,1.61
0.26,-1.09,1.71
0.19,-0.17,1.24
0.10,-0.63,1.27
0.08,0.04,1.58
-0.03,0.73,1.77
-0.02,1.09,-1.12
-0.05,0.15,-1.90
0.05,0.21,-2.94
-0.09,0.31,-2.17
0.02,0.25,-0.47
-0.08,0.34,1.61
0.02,0.27,1.44
-0.06,-0.21,1.33
0.09,0.06,3.34
-0.02,0.13,3.85
-0.03,-0.36,5.54
0.04,-0.26,7.01
0.12,-0.05,8.98
-0.16,0.01,10.72
-0.14,-0.05,10.40
-0.14,0.11,9.03
-0.15,-0.07,7.44
-0.23,-0.17,8.20
-0.11,0.08,9.88
0.06,0.21,10.76
-0.03,0.87,11.06
-0.06,0.51,10.88
-0.16,-0.56,9.79
-0.10,-0.31,9.35
-0.04,0.10,11.94
-0.24,1.16,16.08
-0.49,0.47,21.92
-0.36,0.20,26.48
-0.50,0.32,26.26
-0.24,0.49,23.38
-0.34,0.63,22.71
-0.33,-0.02,25.71
-0.49,0.19,29.75
-0.70,0.52,32.46
-0.64,0.02,35.23
-0.63,-0.74,33.36
-0.47,0.22,30.24
-0.62,0.49,27.78
-0.45,-0.49,24.77
-0.32,-0.38,24.06
-0.35,-0.44,26.43
-0.40,-0.30,31.99
-0.84,0.34,44.23
-0.82,0.27,48.07
-0.76,0.46,46.00
-0.69,0.02,40.91
-0.81,0.47,39.69
-0.82,0.40,41.77
-0.81,0.46,45.58
-0.71,0.21,42.84
-0.79,0.11,40.52
-0.74,0.02,36.95
-0.50,0.17,30.98
-0.50,0.04,25.10
-0.30,-0.14,22.51
-0.25,0.17,26.17
-0.41,0.19,30.30
-0.62,0.05,33.10
-0.65,-0.03,30.33
-0.29,0.02,23.27
-0.18,-0.20,18.53
-0.30,-0.01,20.01
-0.19,-0.12,20.08
-0.18,-0.05,15.47
-0.11,-0.05,7.98
0.03,-0.10,3.35
-0.05,-0.10,1.31
0.08,0.09,-0.40
-0.02,-0.06,-0.68
-0.06,-0.25,-0.66
0.10,-0.02,-0.85
0.05,-0.21,-0.82
0.18,0.01,-0.90
0.02,-0.01,-0.66
-0.02,-0.31,-0.47
0.05,-0.31,-0.60
-0.02,-0.44,-0.64
0.02,-0.34,-0.56
0.09,-0.29,-0.65
0.11,-0.34,-0.79
0.13,-0.37,-0.88
0.08,0.05,-0.62
0.11,0.15,-0.74
0.04,-0.16,-0.75
0.05,-0.24,-1.04
0.06,-0.18,-2.21
0.08,0.00,-3.33
0.05,-0.05,-1.08
0.01,-0.23,-0.69
-0.02,-2.08,-0.66
0.22,-0.50,-0.73
0.06,-0.31,-0.74
0.05,-0.13,-0.61
0.12,-0.21,-0.84
0.16,0.14,-1.02
0.07,-0.20,-1.08
0.21,-0.56,-0.95
0.14,-0.56,-0.65
0.00,-0.41,-0.55
0.00,-0.39,-0.69
0.05,-0.12,-0.60
0.00,-0.31,0.43
-0.02,-0.27,5.79
-0.07,0.27,3.68
0.04,0.41,4.01
0.00,1.70,3.82
-0.06,0.74,2.01
-0.63,1.18,-0.27
-5.04,0.04,3.32
-6.17,0.23,4.34
-6.24,1.76,4.77
-5.23,7.21,3.68
-2.05,7.53,-4.18
1.34,8.27,-5.06
4.22,1.72,2.09
4.71,-5.88,10.06
4.85,-8.10,18.60
3.89,-9.80,21.59
0.69,-10.88,20.91
-7.74,-3.50,10.28
-13.33,3.02,2.53
-11.79,5.21,-2.71
-7.56,-1.79,1.37
-0.83,-12.75,8.97
3.95,-16.38,11.85
7.53,-12.11,14.99
7.84,-9.92,12.33
4.55,-12.18,8.47
1.06,-6.63,-2.16
4.65,22.92,-15.21
-3.43,37.49,4.02
-6.37,1.63,26.09
1.49,-27.59,35.43
3.14,-34.57,26.74
0.55,-30.28,13.23
0.08,-22.32,-10.29
5.29,-3.86,-22.04
7.51,12.85,-8.33
6.50,6.74,14.98
6.68,-1.11,24.00
10.61,-11.24,26.84
6.95,-17.04,12.82
-0.34,-13.60,-2.41
-4.53,-6.12,-22.48
-11.43,1.56,-25.56
-15.52,6.26,-8.92
-13.30,4.24,10.61
-4.63,-7.46,26.78
0.82,-6.64,27.65
1.57,1.54,16.37
1.85,10.92,-5.94
0.18,20.70,-20.35
-2.05,10.77,-15.89
1.32,1.81,-1.14
4.97,2.73,14.29
7.76,8.36,20.60
10.27,14.06,20.05
6.63,14.18,8.07
2.68,10.47,-7.21
0.08,4.72,-23.33
-0.41,0.37,-19.99
1.62,2.92,-2.94
-0.85,0.95,5.66
0.76,2.31,10.72
3.77,8.46,11.02
6.85,9.79,5.27
3.90,6.08,-3.63
-1.22,6.47,-12.37
-1.31,-2.33,-10.81
-0.73,-10.11,2.48
0.59,-10.11,12.05
-2.87,7.68,19.65
-8.08,20.58,21.68
-4.56,14.68,10.66
2.12,-6.43,-7.21
1.64,-5.21,-22.04
4.07,1.81,-28.40
5.34,0.72,-33.00
3.20,-2.43,-26.90
7.59,-16.09,-35.65
13.07,-17.73,-46.00
14.35,-7.15,-61.42
11.30,0.96,-63.09
11.28,2.93,-54.98
8.63,-9.87,-44.68
4.79,-19.52,-36.88
3.12,-7.57,-32.51
-1.27,13.97,-19.33
-7.30,30.07,3.96
-12.99,33.23,22.91
-18.41,25.60,42.05
-15.22,2.56,54.56
-13.46,-10.40,60.49
-10.15,-11.14,69.38
-5.14,-16.41,74.89
-3.40,-23.78,80.64
2.58,-21.15,72.02
8.29,-7.88,61.83
10.34,12.01,55.84
7.07,17.72,46.40
7.06,7.13,35.06
8.27,-2.43,22.21
9.44,-8.98,4.96
9.25,-8.24,-13.27
4.12,-0.41,-28.55
-1.93,3.08,-38.36
-9.96,1.47,-46.39
-17.19,-9.70,-48.47
-14.04,-2.61,-50.74
-14.21,1.75,-60.37
-14.15,-1.12,-65.30
-7.55,-17.46,-70.72
-2.28,-19.46,-65.61
-5.19,-11.57,-56.09
-7.97,-1.31,-50.77
-7.95,1.43,-43.82
-5.40,-8.88,-37.94
-3.12,-13.26,-28.76
-6.73,-5.53,-5.12
-12.83,3.99,19.52
-15.72,-7.87,37.13
-13.01,-23.04,52.50
-6.00,-24.55,57.50
-2.02,-14.44,60.71
1.57,2.72,64.47
4.79,10.02,65.27
8.91,8.30,62.67
14.41,3.56,59.14
20.57,2.58,51.77
20.77,9.59,44.75
16.62,15.72,45.16
10.60,10.15,41.04
9.39,-6.32,27.86
10.59,-14.07,12.11
8.30,-10.49,-8.02
5.23,-2.58,-20.83
3.72,0.53,-27.45
1.95,1.21,-33.04
4.22,2.88,-45.35
7.69,4.55,-59.73
9.56,11.67,-69.15
8.48,15.87,-74.08
7.28,12.14,-71.51
9.34,2.43,-68.35
9.38,-1.45,-64.89
8.09,-10.86,-63.17
4.19,-5.18,-56.73
1.02,-5.18,-41.91
-1.28,-4.77,-26.94
-4.60,-4.46,-3.27
-10.15,-5.27,13.04
-14.34,-8.84,25.45
-15.64,-16.46,42.32
-15.70,-16.55,51.00
-12.91,-10.39,58.41
-8.75,-6.27,65.79
-4.49,-3.79,68.57
-1.79,-4.24,67.67
0.59,-2.46,60.94
4.05,3.71,55.80
5.97,4.63,50.07
7.19,-1.35,44.52
9.37,-1.40,41.49
10.36,-8.24,34.04
11.67,-5.24,26.98
13.59,-4.42,14.79
10.63,1.34,0.70
10.24,4.80,-11.99
9.90,4.57,-24.72
8.86,1.32,-35.99
8.18,1.39,-43.40
7.03,11.62,-49.29
3.21,18.36,-53.18
-1.68,18.70,-55.47
-3.95,7.42,-62.24
-7.63,3.91,-56.22
-8.80,-4.40,-49.35
-9.17,5.37,-37.52
-9.66,18.67,-18.27
-11.45,23.07,4.09
-16.10,9.76,25.25
-15.01,-0.74,36.85
-12.00,-8.66,45.10
-11.56,-3.70,47.32
-12.55,0.31,53.29
-11.80,-6.12,56.68
-6.86,-17.27,49.14
-2.90,-24.91,40.97
-2.72,-12.88,29.13
-5.08,0.80,26.94
-4.02,-0.24,24.13
-0.11,-6.32,13.64
4.53,-4.88,-3.05
7.27,1.05,-19.69
5.59,13.11,-31.17
1.94,20.01,-41.49
0.56,17.25,-47.19
3.08,6.76,-52.70
6.33,1.60,-56.87
7.16,6.27,-56.07
5.40,13.33,-51.65
1.20,14.79,-40.44
-1.36,5.98,-31.64
-2.62,-3.71,-25.01
-3.09,-7.77,-16.01
2.01,4.89,3.39
4.58,12.30,20.95
2.47,14.85,44.22
-2.32,-0.85,56.06
2.72,-14.82,61.31
9.04,-15.44,52.71
10.43,-15.88,45.54
9.52,-12.96,45.55
10.02,-12.92,47.36
9.85,-17.42,44.39
7.98,-20.53,33.91
3.70,-10.92,19.06
-1.28,-2.65,0.72
-7.29,-0.65,-11.27
-10.27,-2.48,-16.69
-10.01,-2.06,-28.85
-10.57,7.59,-35.57
-14.01,17.30,-45.19
-18.07,15.34,-51.52
-20.07,1.53,-54.23
-15.90,-2.86,-57.26
-11.47,2.14,-52.00
-6.15,26.59,-38.84
1.35,29.01,-19.20
5.44,26.33,-5.31
9.62,22.99,7.72
11.35,21.53,22.71
8.07,22.27,39.69
2.08,19.58,49.70
-3.76,5.31,53.97
-5.14,-12.62,49.49
-4.22,-26.53,47.54
-7.38,-33.77,48.19
-11.90,-47.77,43.14
-11.08,-42.83,27.30
-7.50,-43.16,1.37
-8.90,-21.06,-13.83
-7.01,-1.79,-27.04
-5.21,3.50,-42.05
-4.76,13.31,-51.93
-6.30,17.49,-53.77
-2.83,14.85,-52.26
0.15,2.13,-55.59
1.08,-2.03,-54.57
-0.85,-1.47,-45.56
-3.85,8.55,-34.36
-2.24,13.39,-22.95
0.16,14.70,-8.88
-1.49,6.06,4.08
-3.55,-0.24,15.25
-3.54,2.43,30.43
-2.13,8.11,42.87
-2.60,7.14,54.45
-2.64,4.18,61.64
-1.50,-7.63,57.04
1.18,-16.37,52.00
2.97,-16.51,41.81
3.74,-8.26,32.69
4.95,-0.88,26.68
4.65,1.21,16.68
4.41,2.66,8.80
4.22,4.69,3.16
3.90,12.01,-3.20
0.12,14.75,-12.91
-3.98,9.89,-25.46
-8.93,12.78,-26.62
-11.85,14.72,-25.27
-11.37,14.83,-27.60
-10.60,14.62,-25.43
-9.32,18.04,-20.69
-9.44,13.53,-20.03
-12.79,10.23,-16.91
-15.24,10.56,-18.09
-16.02,14.15,-16.59
-16.82,14.14,-13.88
-16.72,9.85,-9.88
-13.97,4.53,-6.94
-10.01,1.76,-4.66
-5.86,3.72,0.14
-2.24,8.98,3.83
-0.95,9.67,4.55
-2.24,6.78,6.95
-2.18,3.07,9.57
-1.89,-3.59,8.21
-2.27,-3.50,7.04
-3.50,0.63,4.10
-3.05,2.12,2.50
-2.76,1.43,0.95
-2.29,-1.07,0.65
-1.91,-2.77,-0.89
-1.96,-1.59,-0.95
-1.50,1.36,0.41
-2.20,0.92,1.20
-3.97,-0.23,2.21
-5.21,-1.65,3.14
-6.35,-4.12,5.27
-6.66,-3.13,4.12
-5.33,1.45,3.04
-3.76,3.69,1.38
-2.47,3.08,1.71
-0.39,1.24,-0.26
0.28,3.21,-1.21
-1.14,4.16,-0.53
-2.21,4.02,-0.76
-2.34,3.66,-0.69
-2.96,2.43,-2.17
-2.47,1.73,-0.82
-2.95,0.50,-1.11
-3.08,1.60,-0.64
-2.50,3.23,0.36
-2.27,3.11,0.94
-1.94,3.66,1.44
-3.69,4.12,0.89
-4.81,4.24,0.36
-6.09,3.76,-0.24
-6.47,2.47,-0.04
-6.58,1.92,-0.66
-5.36,1.50,-1.64
-4.15,2.39,-0.79
-3.99,3.56,0.31
-4.09,2.42,1.28
-4.31,1.15,0.40
-4.00,1.95,0.17
-2.95,2.24,0.04
-2.14,3.74,-0.08
-2.65,5.23,-1.08
-3.26,4.24,-0.59
-3.98,3.88,-0.59
-4.24,4.36,-0.68
-4.37,4.86,-0.31
-4.07,5.37,0.05
-4.13,6.07,-1.15
-4.28,6.87,-2.17
-4.68,7.47,-2.79
-4.01,7.04,-2.88
-3.44,6.49,-2.94
-3.82,5.72,-2.65
-3.67,3.73,-1.62
-3.60,3.83,-1.41
-3.69,6.09,-1.20
-4.80,6.66,-0.45
-4.69,5.08,-0.10
-4.06,1.91,-0.09
-3.02,1.64,-1.02
-2.40,2.18,-1.16
-3.30,2.53,-0.89
-3.69,3.43,0.25
-4.42,3.63,-0.15
-4.31,4.20,-1.80
-3.75,5.63,-2.66
-2.66,6.32,-1.62
-2.48,6.66,-1.52
-3.51,6.27,-2.12
-5.04,4.14,-1.17
-6.09,2.88,-0.51
-6.60,3.82,-0.70
-6.65,3.84,-0.41
-5.50,2.89,0.20
-4.37,1.09,0.37
-3.89,1.69,0.25
-3.75,2.99,-0.27
-3.23,4.43,-0.43
-3.10,5.39,-1.02
-3.80,5.18,-1.22
-4.53,3.98,-0.88
-4.08,4.57,-1.51
-4.88,5.85,-2.05
-5.43,5.43,-0.80
-5.22,4.47,-1.03
-4.59,5.17,-1.62
-4.00,6.69,-1.31
-3.63,7.30,-1.30
-3.97,5.76,-1.43
-4.57,4.00,-1.66
-5.16,3.95,-0.67
-4.47,5.18,-0.53
-4.25,6.38,-0.67
-4.92,6.43,-1.37
-4.75,4.76,-1.54
-4.69,3.53,-1.05
-5.34,5.63,-1.01
-5.53,8.26,-1.60
-4.26,8.37,-1.08
-3.48,6.24,-0.31
-2.74,3.85,-1.35
-0.63,3.99,-1.85
-0.21,7.78,-1.93
-0.90,11.50,-2.56
-2.31,12.25,-2.79
-3.68,7.92,-2.14
-3.57,6.31,-1.39
-3.98,7.24,-0.63
-4.68,10.99,-0.79
-4.14,12.02,-0.27
-4.66,10.16,-0.64
-5.50,8.64,0.06
-6.08,10.15,0.42
-7.01,12.76,0.89
-7.98,18.21,0.17
-7.27,22.22,1.32
-6.35,21.14,0.70
-7.06,22.67,-1.75
-8.14,19.30,-2.72
-9.22,14.51,-0.60
-7.92,13.70,0.20
-6.36,13.12,0.86
-5.30,12.73,0.83
-4.73,12.95,0.92
-4.05,12.75,1.10
-3.12,13.27,0.50
-2.54,12.55,-0.55
-3.00,13.16,0.34
-4.16,15.19,-0.46
-5.79,17.89,-1.23
-6.69,19.37,-1.31
-6.39,15.73,-3.95
-7.03,10.84,-5.67
-8.43,17.88,-0.88
-6.59,21.64,2.47
-4.62,25.09,4.74
-2.67,24.72,3.11
-2.44,24.13,0.73
-2.27,26.43,1.11
-1.08,28.96,0.43
-2.36,32.58,-1.15
-5.53,30.59,-1.63
-7.87,31.91,0.15
-8.26,29.10,-0.67
-7.50,26.12,-0.50
-6.69,24.72,-2.62
-6.41,22.85,-1.85
-4.25,16.29,-0.32
-4.08,15.71,0.98
-3.39,14.99,2.58
-1.66,19.65,3.56
-1.12,24.18,5.08
-2.05,23.38,3.89
-2.37,19.99,3.12
-2.10,19.11,3.97
-1.56,22.85,3.63
-1.21,26.51,2.69
-2.00,29.27,3.79
-4.51,34.10,3.25
-8.36,31.11,4.50
-9.36,22.12,4.23
-6.70,15.95,3.34
-5.32,22.84,1.88
-6.09,28.69,4.24
-7.47,27.81,2.39
-8.37,21.23,1.36
-6.30,15.30,-0.12
-3.13,20.45,-0.56
-2.91,35.55,-1.37
-4.61,41.28,-0.32
-7.76,34.17,-0.25
-9.04,20.58,-0.89
-5.46,18.43,-0.93
-4.55,23.91,-0.76
-6.18,28.39,-1.79
-7.14,23.43,-0.95
-6.12,14.94,1.66
-3.66,12.98,1.84
-2.71,20.77,1.27
-1.53,23.05,0.30
-1.99,19.14,0.70
-3.08,12.52,1.69
-2.37,7.56,2.66
-0.21,11.00,3.97
-1.11,22.79,2.93
-2.04,31.07,2.85
-1.81,25.07,2.73
-1.07,16.04,2.37
-1.24,7.82,2.76
-0.05,8.40,2.29
-0.72,15.01,1.29
-3.20,18.56,0.41
-4.77,14.25,0.71
-4.83,8.08,1.23
-4.18,9.79,0.99
-2.72,19.14,0.90
-2.93,28.20,1.18
-3.15,30.81,2.87
-1.37,24.34,5.81
0.24,16.24,7.66
0.73,14.77,7.25
0.82,17.75,6.40
0.77,24.17,6.07
-1.04,19.70,7.12
-0.32,15.60,7.17
0.89,13.91,6.57
0.79,14.35,4.98
-1.31,15.86,3.11
-2.60,13.91,2.11
-3.55,10.33,2.38
-2.59,12.21,2.15
-1.27,16.32,3.48
-2.89,17.58,2.94
-5.70,16.06,2.88
-6.79,11.50,2.34
-5.82,10.56,1.45
-4.26,14.38,2.69
-3.37,17.69,2.68
-4.66,14.57,2.34
-4.20,11.12,1.98
-3.76,9.05,1.60
-4.69,11.62,1.24
-4.79,14.95,2.01
-5.18,13.65,1.84
-6.03,11.06,0.73
-6.05,11.06,0.34
-4.60,11.79,0.15
-2.29,13.83,0.92
-1.40,17.35,2.85
-2.53,17.23,5.64
-1.66,13.21,6.75
-0.82,8.83,5.43
0.42,8.36,3.88
-0.47,11.21,2.59
-0.71,9.50,2.04
0.08,9.49,2.79
-0.11,9.75,2.51
-2.66,7.47,1.80
-3.33,5.79,0.44
-2.69,8.30,0.24
-2.44,9.30,-0.08
-2.60,9.08,-0.02
-2.87,6.57,-0.35
-2.75,7.25,0.47
-2.18,9.06,0.87
-2.20,9.09,0.00
-2.31,10.38,-0.12
-2.21,10.47,-0.72
-1.78,7.79,-1.07
-1.40,7.15,-0.44
-1.85,10.06,-1.05
-3.46,15.12,-2.24
-4.32,13.75,-2.07
-3.61,12.10,-2.18
-2.81,14.98,-1.82
-2.36,15.78,-1.52
-2.60,20.69,-1.36
-1.46,23.94,-0.80
-0.56,23.83,-0.33
1.44,24.17,-0.77
2.41,17.48,-1.16
0.66,15.81,-1.25
0.44,15.52,-1.45
-0.43,16.31,-1.01
-2.27,15.62,-1.66
-2.03,15.82,-1.14
-0.47,18.66,-0.38
-0.64,15.06,0.74
-2.48,8.88,-0.03
-2.56,5.63,-0.53
-1.63,7.36,-1.18
-1.93,8.54,-2.44
-2.60,6.90,-3.00
-2.93,7.46,-2.54
-2.90,7.71,-2.34
-2.94,10.29,-2.50
-2.53,15.01,-3.24
-3.73,17.81,-3.33
-2.24,16.47,-2.80
-2.58,17.24,-1.46
-4.63,16.82,-2.90
-7.57,11.67,-4.42
-9.01,8.86,-6.11
-8.96,11.19,-6.76
-7.63,15.34,-7.43
-7.80,22.09,-7.34
-9.63,19.98,-6.11
-12.84,14.76,-4.34
-12.47,13.43,-4.35
-10.71,12.24,-3.82
-7.24,14.19,-3.60
-4.43,15.76,-3.07
-5.01,12.56,-2.08
-4.94,11.69,-1.73
-5.95,12.79,-1.98
-7.02,13.53,-2.23
-6.01,13.21,-2.24
-5.59,15.27,-0.88
-4.85,15.61,-1.41
-5.03,16.55,-2.08
-6.88,15.67,-2.25
-8.33,14.14,-1.98
-6.59,17.61,-1.12
-5.97,21.05,-1.39
-6.81,20.08,-1.60
-7.47,15.20,-2.12
-8.27,7.98,-1.78
-8.55,6.68,-0.90
-9.09,11.81,-0.72
-9.37,14.79,-2.01
-6.84,14.04,-3.11
-4.74,11.47,-3.87
-5.03,10.70,-4.03
-4.66,12.97,-4.15
-4.66,13.98,-2.41
-5.80,14.56,-0.86
-4.58,15.81,-0.28
-4.21,12.53,-0.59
-2.98,8.70,-0.90
-1.21,12.11,-0.44
-3.85,17.03,1.27
-5.89,19.72,2.92
-6.86,22.65,2.12
-8.67,18.92,0.21
-7.41,13.80,-1.09
-5.47,14.03,-1.60
-4.38,15.85,-1.17
-4.43,19.44,-1.05
-4.69,18.94,-0.87
-6.28,16.81,-0.34
-6.99,12.80,-1.82
-6.30,13.10,-2.11
-5.78,14.17,-0.86
-5.01,19.19,-0.23
-3.97,25.44,-0.27
-3.76,21.22,-0.69
-4.60,12.96,-0.59
-4.09,10.42,0.24
-2.22,14.79,1.08
-2.91,18.91,0.95
-4.17,19.59,0.31
-5.98,15.79,-0.34
-5.62,14.05,-0.36
-5.55,14.57,-0.02
-4.60,15.13,0.04
-6.73,16.56,-0.15
-7.35,15.42,-0.53
-6.62,12.88,-0.95
-5.35,16.21,-0.32
-3.48,19.42,-0.60
-3.43,23.30,-0.22
-3.77,20.48,0.05
-3.83,16.52,0.63
-4.22,22.65,2.37
-5.48,27.66,3.39
-4.69,32.73,4.09
-2.54,29.47,3.90
-2.47,24.94,3.42
-2.72,27.28,3.13
-2.82,30.19,2.72
-5.56,35.20,2.57
-4.65,35.04,3.26
-3.85,34.17,4.39
-3.56,28.32,4.69
-5.01,32.02,3.72
-4.22,37.21,3.40
-5.76,40.00,3.59
-8.14,45.72,2.07
-6.89,42.31,0.45
-7.20,42.62,1.31
-6.67,38.86,1.89
-6.52,40.62,2.10
-8.07,42.16,2.14
-9.69,34.91,-0.60
-10.88,28.43,-1.88
-10.78,32.26,0.11
-9.43,38.42,1.66
-8.80,45.68,2.96
-9.79,42.71,3.85
-9.51,35.97,3.43
-9.34,37.49,3.74
-10.22,35.33,0.98
-10.16,41.93,-4.35
-10.16,42.49,-6.35
-11.64,41.30,-6.00
-13.11,39.45,-4.14
-14.50,34.27,-5.04
-10.43,38.46,-2.23
-11.37,37.49,-3.97
-4.77,27.57,-2.63
-3.41,31.62,-0.63
-3.89,33.17,3.31
-4.12,29.70,1.50
-2.72,20.79,-2.20
-1.76,9.44,-1.89
-3.82,6.59,2.14
-7.68,7.01,4.74
-7.18,22.50,6.66
-8.41,28.62,7.33
-10.74,37.59,7.33
-12.25,40.40,8.17
-15.52,44.49,9.59
-21.25,39.28,9.23
-24.47,31.82,11.95
-25.81,38.34,5.39
-22.76,29.07,2.53
-26.88,12.79,1.53
-24.88,12.51,4.34
-24.62,16.54,-1.95
-21.62,20.82,-5.89
-20.05,13.01,-11.11
-19.87,11.16,-12.10
-17.79,10.62,-12.49
-13.55,25.08,-10.79
-16.28,19.73,-11.84
-17.31,2.82,-18.99
-14.58,-9.20,-25.17
-13.75,12.63,-22.77
-10.21,16.11,-18.38
-9.10,10.97,-17.28
-9.80,1.65,-17.51
-9.21,1.32,-21.31
-9.39,2.51,-22.75
-7.82,3.08,-20.04
-8.48,2.27,-20.36
-6.11,-3.47,-24.02
-6.79,6.37,-25.07
-4.51,5.79,-27.24
-1.93,-0.50,-28.00
-1.27,-4.93,-30.81
-5.05,2.27,-27.69
-4.99,17.89,-23.49
-4.20,16.40,-23.46
-3.54,13.16,-24.83
-1.67,15.14,-27.27
-0.61,22.71,-24.87
0.31,30.05,-19.51
1.61,23.20,-18.07
0.17,11.56,-19.56
-1.58,9.92,-19.91
-2.35,17.51,-18.33
-3.78,19.11,-16.33
-6.24,11.95,-15.42
-7.92,3.16,-17.04
-11.22,-1.76,-17.16
-12.52,-5.40,-20.50
-21.38,-6.91,-24.36
-32.62,3.67,-22.42
-36.07,-3.85,-23.73
-33.77,-31.66,-32.59
-26.69,-32.62,-37.88
-20.62,-15.07,-33.54
-16.90,-1.45,-31.72
-18.44,15.21,-24.79
-13.19,8.08,-22.76
-6.59,13.97,-20.67
-1.90,17.85,-16.29
-1.49,21.65,-14.56
-5.64,35.37,-9.47
-15.36,47.03,-11.36
-22.05,32.36,-18.03
-21.36,10.98,-29.88
-19.77,1.53,-39.13
-18.48,15.26,-35.44
-17.66,29.18,-35.00
-17.94,11.30,-41.28
-17.03,1.58,-45.92
-17.99,7.15,-44.16
-18.41,14.18,-39.04
-18.01,17.11,-33.18
-16.27,10.49,-37.50
-14.39,-1.79,-47.09
-16.98,-12.80,-58.05
-17.92,0.04,-60.12
-6.50,-4.14,-39.97
-13.50,1.75,-63.58
-18.81,-14.64,-81.86
-28.81,-20.96,-87.33
-34.41,-25.88,-85.23
-32.84,-13.43,-78.03
-30.53,-1.73,-69.70
-25.59,-1.70,-69.83
-22.94,-10.54,-70.84
-26.88,-5.54,-67.18
-29.33,3.88,-64.01
-31.85,10.28,-64.04
-31.32,0.67,-67.47
-28.51,1.28,-65.76
-33.36,2.89,-62.99
-34.25,0.14,-64.69
-29.39,3.81,-64.28
-20.82,9.94,-57.90
-26.05,8.69,-65.04
-32.04,-10.56,-83.65
-38.76,-22.26,-93.58
-37.58,-13.50,-105.47
-35.05,-7.70,-127.70
-32.78,-17.81,-133.29
-29.20,-12.81,-120.43
-27.81,-15.89,-129.34
-27.38,-18.46,-147.06
-37.65,-24.33,-168.09
-46.57,-39.20,-175.10
-35.18,-42.83,-170.48
-25.40,-29.91,-161.92
-27.56,-14.04,-145.31
-26.18,-12.58,-132.09
-19.48,-15.84,-128.54
-16.00,-17.96,-119.26
-14.29,-12.40,-112.93
-11.75,-0.44,-111.60
-12.85,4.64,-115.91
-19.80,-6.09,-121.20
-25.23,-4.91,-124.21
-26.30,-10.35,-115.89
-24.44,-9.19,-113.31
-24.08,-4.29,-112.58
-22.17,-8.08,-110.42
-16.77,-8.65,-103.11
-15.75,-5.86,-97.40
-13.44,-5.40,-92.01
-15.33,-1.66,-83.26
-17.46,-2.95,-81.15
-13.94,-2.93,-79.48
-8.36,6.47,-76.37
-9.88,8.65,-72.91
-17.45,-0.31,-77.09
-18.47,-8.36,-76.51
-15.23,-3.50,-73.18
-14.76,1.27,-68.25
-16.84,-2.17,-63.13
-18.75,-7.51,-61.81
-18.01,-15.27,-61.00
-10.08,-12.93,-56.14
-5.52,-0.82,-39.42
-4.31,13.59,-29.76
-7.92,7.47,-33.49
-10.75,-8.82,-47.88
-12.52,-18.77,-52.65
-18.99,-9.62,-43.62
-17.76,-1.80,-34.85
-9.96,-1.00,-31.16
-2.12,-0.72,-26.33
3.24,-3.81,-15.23
6.36,1.19,0.59
6.63,10.25,7.85
0.66,13.75,2.89
-6.09,3.74,-14.73
-12.37,-13.11,-33.58
-18.45,-23.72,-48.53
-25.78,-11.41,-40.04
-25.98,2.16,-27.06
-16.17,-0.06,-22.23
-5.92,1.77,-18.89
-0.66,1.37,-10.16
-5.89,6.43,-8.31
-13.56,6.71,-13.87
-17.17,0.26,-21.82
-11.16,-2.99,-19.02
-1.69,2.40,-13.77
0.94,2.88,-8.83
1.09,0.26,-13.30
-3.79,-2.66,-17.71
-8.54,-1.24,-16.99
-5.55,6.56,-13.98
-5.43,3.63,-10.85
-5.17,-14.46,-14.47
-3.29,-31.20,-25.06
-5.79,-26.92,-30.93
-9.37,-5.16,-19.91
-9.20,9.54,-7.95
-7.63,10.48,-0.76
-0.89,8.22,0.11
3.16,8.89,4.65
4.82,15.37,10.50
5.80,17.38,8.65
8.20,10.53,1.41
8.86,3.28,-6.53
6.71,-7.11,-10.43
-1.44,-7.75,-10.37
-6.05,7.84,-4.90
-3.47,9.56,0.50
0.85,4.34,0.80
6.18,-5.56,-1.82
9.64,-9.61,-6.23
11.79,-7.47,-8.79
8.02,-2.79,-8.68
4.08,-6.56,-5.85
-1.93,-4.40,-5.64
-1.07,2.25,-2.00
3.08,5.21,-1.96
7.40,-4.49,-7.49
10.11,-14.44,-15.75
16.76,-11.43,-18.50
23.41,7.58,-9.82
16.17,11.99,-3.64
1.44,9.83,-4.28
-8.42,2.76,-8.64
-6.94,3.27,-14.65
-5.59,10.91,-11.40
-4.90,14.77,-6.40
-7.71,14.36,-5.98
-8.21,6.11,-9.01
-7.27,3.69,-11.33
-6.37,7.56,-6.34
-3.54,13.61,-2.13
1.15,6.33,-1.89
1.72,3.38,-8.58
-1.68,-2.95,-13.53
-8.19,-4.14,-15.49
-9.79,3.41,-12.11
-3.25,6.23,-12.20
1.41,3.80,-13.18
1.04,3.61,-13.41
-1.13,2.01,-10.72
-6.74,-2.32,-10.86
-7.88,-2.71,-10.69
-0.88,3.43,-7.57
3.71,11.39,-2.67
2.73,10.16,0.51
-0.76,5.34,-1.04
-3.55,2.57,-2.92
-0.96,1.81,-4.31
2.48,8.76,-0.40
4.97,9.66,1.74
1.41,5.43,-1.00
-5.76,3.50,-7.32
-7.05,2.60,-10.42
-5.46,9.14,-8.14
-6.94,10.67,-7.28
-9.09,7.01,-9.02
-8.59,6.72,-8.63
-5.25,9.46,-6.59
-4.22,6.79,-5.36
-6.20,5.22,-4.92
-6.46,3.02,-6.17
-6.02,4.89,-5.69
-3.21,6.37,-3.31
1.74,4.40,-1.18
3.43,1.67,-2.37
4.97,4.85,-2.59
1.69,4.55,-0.65
-2.63,1.62,-0.63
-3.13,2.76,-0.96
-0.97,0.65,-3.22
3.11,-1.79,-5.34
4.98,5.08,-2.64
1.28,7.31,1.05
-2.72,6.50,1.63
-4.38,1.97,-1.85
-5.92,-1.08,-7.24
-5.41,-4.74,-11.17
-3.55,0.77,-8.66
-1.81,7.82,-4.51
-3.66,7.76,-0.68
-3.72,2.44,-1.07
-1.52,0.02,-4.17
-0.43,2.69,-7.24
0.40,0.49,-8.16
0.11,3.21,-5.92
1.37,7.14,0.01
0.05,1.16,-0.24
-3.69,-4.82,-5.54
-4.77,-5.64,-9.40
-4.15,-1.32,-8.24
-0.85,4.90,-2.41
2.28,4.44,0.31
2.39,1.51,-0.06
1.17,0.11,-1.85
-0.22,2.17,-0.97
3.48,5.00,0.37
6.49,6.18,3.31
5.79,5.61,2.24
2.89,1.68,-1.59
1.02,0.24,-4.08
-0.01,-4.35,-7.61
0.40,-1.77,-8.36
-1.10,2.56,-7.46
-2.61,-0.47,-9.08
-5.08,-6.27,-11.71
-7.12,-9.99,-14.53
-3.34,-4.44,-8.85
1.59,7.49,-1.75
2.49,12.15,3.21
-0.21,4.80,1.34
-1.50,-1.41,-2.66
-2.40,-9.64,-10.29
-1.62,0.70,-10.05
-0.11,8.67,-5.64
-0.71,8.04,-4.14
-0.51,6.21,-4.27
-2.05,-1.06,-6.92
-3.87,0.11,-9.35
-5.13,3.08,-9.04
-5.57,4.51,-8.05
-3.03,4.88,-5.47
-1.69,-2.11,-4.30
-3.88,-7.76,-6.92
-6.59,1.18,-5.10
-8.34,3.34,-4.24
-6.31,5.29,-3.72
-5.63,2.10,-3.98
-5.08,1.26,-5.65
-4.48,3.59,-2.87
-2.14,7.51,-1.85
0.16,13.46,-0.66
0.71,9.11,-2.68
-0.36,8.39,-4.66
-4.03,-0.29,-6.05
-6.51,-0.95,-7.78
-5.66,2.40,-4.85
-3.18,5.66,-1.49
-0.85,9.28,1.91
-0.44,6.13,1.85
-1.65,3.66,0.04
-1.98,5.95,-0.75
-0.36,7.51,0.70
0.43,5.66,0.08
-0.34,1.60,0.10
0.54,-0.33,-0.89
2.97,3.58,-0.62
4.68,5.71,0.85
5.66,19.82,5.58
9.82,50.73,16.85
31.27,157.40,39.21
67.96,250.04,77.18
106.95,250.04,117.36
125.75,250.04,159.67
133.38,250.04,155.70
105.06,250.04,168.85
63.69,246.96,140.81
42.81,250.04,99.90
54.42,225.18,77.19
77.51,142.42,54.81
83.03,133.50,43.67
83.82,176.16,39.33
89.63,184.48,35.64
107.98,134.46,22.82
126.95,7.56,-19.26
124.03,-33.58,-42.07
71.88,-6.92,-42.02
40.37,1.35,-29.14
33.53,-18.67,-22.70
34.36,-26.70,-33.20
15.76,-44.81,-17.44
-3.27,-33.59,-2.88
-4.68,-12.90,-5.59
6.22,3.85,-12.19
7.37,-12.17,-9.72
1.99,-18.62,-6.97
-8.30,-19.31,-7.79
-7.46,-8.85,-4.90
-0.77,-0.12,3.31
-6.07,8.65,3.43
-11.30,-1.44,1.14
-5.18,-9.73,-11.24
-2.37,-28.71,-16.62
0.26,-43.13,-18.78
-0.58,-33.08,-14.60
0.11,6.67,-4.50
-0.16,14.08,3.93
-0.11,10.50,5.03
-0.38,-6.71,0.95
-1.16,-21.79,-7.56
-4.70,-24.30,-11.38
-6.32,-15.82,-7.55
-1.62,2.54,-4.98
0.57,5.59,0.05
0.30,4.47,2.80
-5.14,-8.21,0.99
-9.91,-23.98,-1.20
-8.68,-9.23,-1.67
-6.70,-0.73,0.79
-2.69,-5.29,5.08
-6.03,-1.92,4.27
-6.27,-12.21,-0.70
-4.76,-11.38,-4.30
-0.15,-9.82,-3.85
0.80,-5.21,-5.79
-1.10,-2.21,-6.14
1.61,2.24,-0.40
4.76,9.88,4.66
3.92,5.08,6.55
-1.79,-2.01,3.51
-5.23,-8.83,-2.60
-2.62,-5.99,-4.61
2.45,2.22,-1.50
4.50,8.59,3.64
-0.06,1.28,3.35
-5.94,-2.68,0.91
-5.76,-8.73,-1.25
-1.27,-1.00,-0.25
5.95,3.16,1.56
7.01,1.25,2.40
5.18,-0.13,2.27
-1.84,-7.38,0.18
-4.16,-6.30,-0.08
-2.03,5.56,3.37
1.60,8.59,4.49
3.02,5.69,3.96
0.87,-0.58,0.58
-4.24,-7.82,-1.58
-4.43,-10.43,-2.37
-0.95,-2.43,-1.73
1.90,1.21,-0.45
2.62,2.41,-1.00
0.05,0.36,-0.69
-0.85,-5.23,-0.63
2.08,-5.81,-1.07
4.03,-5.11,-3.01
2.75,-8.29,-4.24
2.78,-3.31,-3.69
1.16,2.14,-0.80
-0.33,-2.89,1.46
-0.03,-0.89,1.06
0.18,-6.85,-0.22
3.12,-2.19,-1.69
2.08,-1.67,-0.71
3.26,2.89,1.35
3.47,6.40,2.76
1.27,4.28,3.76
0.33,3.72,2.76
-2.02,1.48,1.76
-1.12,-5.19,0.19
1.83,1.24,-1.96
2.14,-2.02,-3.69
1.83,5.30,-0.27
0.05,11.37,1.89
-2.10,3.53,1.61
-1.55,-3.31,0.23
1.37,-3.01,-0.56
2.57,0.37,-1.13
-0.47,4.71,-0.11
-2.63,4.73,0.83
-1.55,1.85,-0.40
0.53,1.29,0.15
1.22,-0.63,0.26
0.50,0.06,-1.00
-0.77,0.17,-1.92
-0.08,3.87,1.23
1.83,5.13,2.50
2.51,3.20,1.21
2.08,-1.23,0.24
0.27,-3.48,-2.66
-1.21,-5.29,-2.20
0.29,-1.20,-0.10
2.34,2.62,2.24
3.26,3.31,2.89
2.08,5.28,1.82
-0.21,2.61,0.84
-0.50,-1.54,0.20
1.01,-4.83,0.63
0.44,-6.01,2.18
-1.14,1.07,2.72
-2.08,2.15,1.98
-1.07,-0.62,2.78
1.51,-1.32,3.37
1.21,-8.68,5.49
-2.76,-13.04,9.07
-6.21,-10.27,15.68
-5.06,-6.39,22.27
1.92,1.69,23.26
8.17,9.10,20.88
6.84,6.90,18.60
-1.54,-2.76,16.78
-6.21,0.66,20.30
-3.34,13.62,29.74
3.95,36.01,37.87
7.92,40.31,38.33
3.65,25.72,37.56
-0.74,24.69,42.14
1.99,23.75,48.03
4.68,21.17,45.55
9.90,17.82,47.36
10.10,10.14,51.52
10.62,10.75,55.51
9.95,6.96,58.40
7.76,11.70,60.66
6.90,19.47,62.07
-0.15,28.46,62.45
-10.63,23.36,62.20
-11.92,22.72,61.99
-9.13,19.52,61.95
-9.50,14.54,55.00
-14.21,6.81,50.32
-23.88,8.63,44.94
-34.01,28.07,44.29
-29.55,22.59,49.70
-25.04,16.57,49.43
-12.75,15.40,49.52
-13.46,16.27,43.50
-13.02,14.85,33.90
4.79,23.17,21.59
13.58,18.44,19.02
-1.42,-5.64,16.09
-29.13,-11.50,7.30
-44.14,-23.53,1.37
-31.49,-36.84,-3.50
-28.88,-32.59,-9.01
-44.65,-50.23,-24.02
-54.62,-87.45,-35.52
-67.76,-99.82,-36.55
-87.84,-77.35,-36.27
-92.03,-98.52,-40.90
-87.44,-157.58,-47.58
-84.64,-163.55,-57.03
-85.87,-117.75,-52.51
-92.18,-135.79,-57.18
-97.40,-163.81,-66.02
-93.85,-134.29,-68.45
-79.22,-95.60,-56.97
-75.65,-101.34,-52.66
-71.16,-106.31,-61.95
-60.94,-149.17,-76.96
-66.51,-125.78,-69.16
-82.02,-130.07,-68.43
-75.03,-84.65,-63.16
-66.63,-79.80,-56.91
-77.04,-99.23,-58.74
-66.76,-76.91,-58.43
-50.04,-18.88,-31.14
-51.30,-31.94,-25.65
-54.32,-46.00,-34.68
-47.63,-48.42,-44.28
-42.69,-41.77,-36.15
-39.03,-23.42,-20.36
-24.84,-8.47,-7.59
-11.83,-6.97,-8.00
-11.89,-11.56,-11.15
-12.73,-16.40,-19.25
-16.98,1.23,-13.28
-21.89,-0.54,-4.89
-23.43,-9.82,-5.94
-20.85,-5.98,-9.43
-15.42,7.86,-8.78
-17.21,16.75,-6.14
-20.88,-0.99,-6.42
-17.46,5.37,-5.80
-13.77,5.99,-7.11
-17.58,13.32,-6.29
-24.92,7.97,-3.05
-23.59,-4.79,-4.13
-22.84,-13.55,-7.07
-22.01,-13.12,-10.74
-17.85,15.93,-1.50
-18.87,11.52,3.85
-20.05,-5.72,0.76
-14.97,-23.23,-6.10
-9.46,-23.51,-11.17
-4.28,0.79,-3.89
-6.21,18.56,2.56
-5.33,14.91,5.36
-4.87,9.39,0.55
-8.42,-14.65,-5.29
-12.22,-12.69,-8.42
-10.37,4.98,-5.28
-9.89,14.98,-0.34
-13.50,-3.87,-3.71
-20.46,-24.27,-9.21
-20.45,-13.53,-9.11
-14.28,4.48,-3.76
-9.27,8.83,3.04
-4.09,16.36,5.32
-2.27,15.40,4.18
-5.32,12.08,1.47
-8.61,9.64,-0.95
-10.34,10.23,-4.21
-14.74,3.18,-8.03
-13.71,3.85,-11.85
-11.19,3.48,-14.48
-7.50,9.74,-13.59
-4.89,18.55,-10.48
-3.10,12.09,-6.82
-7.08,3.72,-4.89
-10.70,1.59,-4.29
-17.52,6.00,-4.82
-25.57,8.80,-2.10
-24.33,10.87,-0.47
-14.21,7.05,2.59
-12.53,4.42,2.82
-13.34,3.23,1.54
-9.21,1.89,-2.34
-3.48,6.29,-5.70
-3.95,3.57,-5.92
-6.74,3.75,-7.73
-12.29,9.96,-4.21
-17.08,11.77,-0.92
-17.23,11.32,-0.63
-14.95,11.73,-1.24
-9.64,10.82,-0.11
-4.99,12.40,-4.11
-4.63,16.58,-8.79
-8.31,8.70,-11.99
-10.25,9.90,-12.92
-10.28,13.31,-13.49
-6.88,6.71,-12.82
-3.78,4.85,-14.17
-4.06,6.28,-14.74
-8.19,1.68,-13.74
-8.46,-7.69,-15.43
-3.24,-3.96,-15.83
8.74,10.70,-13.98
5.85,11.44,-10.97
-1.04,4.53,-7.91
-3.72,1.66,-8.90
-2.24,1.60,-9.34
0.93,6.17,-6.38
2.84,6.39,-4.06
1.27,10.44,-3.79
0.40,6.76,-4.30
3.93,1.10,-3.66
9.62,3.21,-3.81
17.27,4.72,-4.18
22.10,12.04,-3.67
22.78,18.70,-2.67
16.20,12.48,-2.78
10.60,8.87,-6.02
7.69,9.44,-10.03
6.61,4.60,-12.34
5.15,-11.14,-10.60
5.14,-8.14,-6.01
6.13,-6.13,-2.17
4.82,-10.19,-0.89
4.24,-10.10,-1.95
6.27,-8.34,-1.39
6.70,-5.76,-0.95
2.44,-6.05,-0.45
-6.50,-8.53,-0.69
-12.88,-10.44,0.12
-9.50,-9.63,-1.50
-2.68,-13.01,-3.57
1.89,-13.27,-4.34
-4.30,-7.13,0.47
-15.61,-2.69,3.19
-20.76,-7.80,3.17
-16.80,-10.14,4.01
-5.80,-8.02,1.27
-0.16,-6.74,0.08
-4.01,-3.75,0.88
-10.81,-0.07,3.59
-13.25,0.82,5.03
-13.92,0.82,4.40
-14.37,2.24,4.32
-15.37,-0.76,3.74
-18.68,-7.57,2.42
-20.31,-11.96,1.65
-22.65,-2.19,1.11
-20.66,2.21,2.27
-17.93,3.33,2.50
-19.98,-0.70,3.61
-24.17,0.71,2.47
-27.80,6.21,2.13
-29.43,7.54,2.37
-21.44,0.79,0.98
-11.95,1.37,-1.43
-7.76,8.26,-2.53
-9.11,10.43,-4.64
-7.11,7.73,-7.99
-1.67,6.64,-11.09
3.89,10.91,-12.02
8.14,16.68,-12.27
17.49,15.58,-12.37
25.62,38.38,-10.76
33.97,43.27,-6.02
38.11,33.69,-4.91
41.57,33.88,-4.08
47.58,46.89,-10.88
62.12,52.07,-19.14
72.63,30.21,-27.40
72.51,24.01,-24.62
73.23,47.21,-17.66
89.41,67.09,-12.30
113.17,62.90,-16.40
139.77,53.69,-20.85
170.06,56.67,-8.54
172.68,57.94,2.55
166.42,40.01,4.30
166.24,31.90,-7.69
165.76,37.32,2.76
173.09,59.88,13.81
172.28,51.26,26.09
164.99,38.29,29.97
159.35,30.84,29.51
156.26,42.52,31.26